
function [alphabet,targets] = lab4Rus()
%А
letterA =  [0 0 1 0 0 ...
            0 1 0 1 0  ...
            0 1 0 1 0 ...
            1 0 0 0 1 ...
            1 1 1 1 1 ...
            1 0 0 0 1 ...
            1 0 0 0 1]';
        
%О              
letterO =  [0 1 1 1 0 ...
            1 0 0 0 1  ...
            1 0 0 0 1 ...
            1 0 0 0 1 ...
            1 0 0 0 1 ...
            1 0 0 0 1 ...
            0 1 1 1 0]';
        
%У       
letterY =  [1 0 0 0 1 ...
            0 1 0 0 1 ...
            0 0 1 0 1 ...
            0 0 0 1 0 ...
            0 0 1 0 0 ...
            0 1 0 0 0 ...
            1 0 0 0 0]';
%Е
letterE  = [1 1 1 1 1 ...
            1 0 0 0 0 ...
            1 0 0 0 0 ...
            1 1 1 1 1 ...
            1 0 0 0 0 ...
            1 0 0 0 0 ...            
            1 1 1 1 1]';

%Ё
letterEO  = [1 1 0 1 1 ...
            0 0 0 0 0 ...
            1 1 1 1 1 ...
            1 0 0 0 0 ...
            1 1 1 1 1 ...
            1 0 0 0 0 ...            
            1 1 1 1 1]';
 
 
 %Ы       
letterB =  [1 0 0 0 1 ...
            1 0 0 0 1 ...
            1 0 0 0 1 ...
            1 1 0 0 1 ...
            1 0 1 0 1 ...
            1 0 1 0 1 ...
            1 1 1 0 1]';
%Э
letterC =  [0 1 1 1 0 ...
            1 0 0 0 1 ...
            0 0 0 0 1 ...
            1 1 1 1 1 ...
            0 0 0 0 1 ...
            1 0 0 0 1 ...
            0 1 1 1 0]';
%Я    
letterR =  [0 1 1 1 1 ...
            1 0 0 0 1 ...
            1 0 0 0 1 ...
            0 1 1 1 1 ...
            0 0 1 0 1 ...
            0 1 0 0 1 ...
            1 0 0 0 1]';
 %Ю    
letterIO = [1 0 0 1 0 ...
            1 0 1 0 1  ...
            1 0 1 0 1 ...
            1 1 1 0 1 ...
            1 0 1 0 1 ...
            1 0 1 0 1 ...
            1 0 0 1 0]';
%И
letterN =  [1 0 0 0 1  ...
            1 0 0 1 1  ...
            1 0 0 1 1  ...
            1 0 1 0 1  ...
            1 1 0 0 1  ...
            1 1 0 0 1  ...
            1 0 0 0 1 ]';

alphabet = [letterA,letterO,letterY,letterE,letterB,letterC,letterR,letterIO,...
            letterN];

targets = eye(9);
