id,Status_C,Status_CL,Status_D
7905,0.835504907865451,0.012875553553774816,0.15161953858077434
7906,0.8846776295239502,0.036116436975563014,0.07920593350048663
7907,0.1433033601768178,0.09185009306672763,0.7648465467564546
7908,0.9044834350996158,0.011001354423358548,0.08451521047702577
7909,0.5431788432309766,0.020760604544947506,0.4360605522240757
7910,0.9384869281866368,0.01047451491011191,0.05103855690325125
7911,0.9081345990530972,0.0161033979012614,0.07576200304564153
7912,0.28598630274926873,0.019426106151536303,0.694587591099195
7913,0.0005382981255789775,0.0009496690100943716,0.9985120328643267
7914,0.0271119743494797,0.0031045631618185376,0.9697834624887018
7915,0.3217910313437528,0.09920109660807615,0.5790078720481711
7916,0.48459661832981205,0.021081122305243064,0.494322259364945
7917,0.5140118281750575,0.17113103697477514,0.3148571348501675
7918,0.701653328714132,0.041001828897153515,0.2573448423887145
7919,0.36917063258029215,0.05231818912769541,0.5785111782920125
7920,0.9257470345545787,0.012411065797657696,0.06184189964776378
7921,0.7734695619753694,0.018935636056353664,0.20759480196827676
7922,0.06459612274791351,0.021534706265960074,0.9138691709861265
7923,0.9508709139185197,0.0026026294296900587,0.04652645665179012
7924,0.49639252317536126,0.04047436566548431,0.4631331111591545
7925,0.0063740263765649195,0.007982282214777698,0.9856436914086573
7926,0.6964571339990193,0.006579089205460627,0.2969637767955201
7927,0.606080598475905,0.0891855676360713,0.3047338338880237
7928,0.03598599636419794,0.02829861748144137,0.9357153861543608
7929,0.6048930404032503,0.13027729733267093,0.2648296622640788
7930,0.2919604223280324,0.10585462717001226,0.6021849505019553
7931,0.819545268436933,0.020758011316091753,0.1596967202469752
7932,0.46675749534397143,0.023839917662247485,0.509402586993781
7933,0.6002203541794032,0.015148053091157758,0.384631592729439
7934,0.9707170882601057,0.0035172951022321665,0.025765616637662057
7935,0.9000847764559649,0.014091499717902266,0.08582372382613294
7936,0.8614031794450876,0.019079197678890686,0.1195176228760216
7937,0.20570930340008634,0.0197826246927114,0.7745080719072023
7938,0.8729361684351437,0.027466160541602086,0.09959767102325423
7939,0.46052497368356154,0.032938240067253766,0.5065367862491846
7940,0.8567083155448091,0.026990802948252863,0.11630088150693796
7941,0.11657411603666736,0.10977409534274818,0.7736517886205846
7942,0.9239902203223557,0.01579399439153369,0.060215785286110754
7943,0.0029442320366078554,0.011994923884819037,0.9850608440785731
7944,0.9154685309235735,0.007626055022182307,0.07690541405424436
7945,0.9739306623063871,0.002365626034293531,0.023703711659319338
7946,0.8898942702752043,0.020008530058968212,0.09009719966582752
7947,0.678007187022685,0.01795221972925107,0.304040593248064
7948,0.4654102610141996,0.09958426238066614,0.43500547660513417
7949,0.47900157598162185,0.03546121839122184,0.4855372056271563
7950,0.8466547853797206,0.02000288641154718,0.13334232820873215
7951,0.5803423829554274,0.03226687181903653,0.387390745225536
7952,0.33057311596964406,0.06917365444178908,0.6002532295885669
7953,0.009475283809092957,0.004365855333272692,0.9861588608576344
7954,0.7246157089354511,0.051155815260103446,0.22422847580444538
7955,0.09798650903905391,0.008988469334928122,0.8930250216260179
7956,0.13539861791848945,0.045768583796124425,0.8188327982853861
7957,0.7588214859669506,0.024357127119181202,0.21682138691386804
7958,0.16134080810621548,0.029409902618086473,0.8092492892756981
7959,0.3860634554920553,0.06824146126662253,0.5456950832413222
7960,0.44922679796313264,0.03293431552616285,0.5178388865107045
7961,0.9140468755316434,0.009803475029435751,0.07614964943892072
7962,0.4689874529691393,0.047548476218684736,0.48346407081217585
7963,0.4585281435496275,0.028373841044809087,0.5130980154055633
7964,0.018921100812263142,0.032395462424059836,0.948683436763677
7965,0.8934670058222468,0.020265192778093053,0.08626780139966017
7966,0.7717319354515516,0.005066338567319628,0.22320172598112897
7967,0.9158232555060176,0.01458580620557309,0.06959093828840927
7968,0.8331204799334212,0.005973068361062614,0.1609064517055163
7969,0.30735795926758225,0.058807187669679156,0.6338348530627387
7970,0.8317860697288505,0.004662321311381644,0.16355160895976795
7971,0.9698374496134515,0.0017556139767722987,0.028406936409776252
7972,0.39855766583062385,0.15837858777238242,0.44306374639699364
7973,0.9286884423938556,0.009865456904987491,0.061446100701157004
7974,0.4694149507949961,0.08510086265802154,0.44548418654698246
7975,0.7906590640969064,0.02142902658312882,0.18791190931996474
7976,0.01674047405389536,0.0027934409176391378,0.9804660850284656
7977,0.9627655435809997,0.008390023533558198,0.028844432885441904
7978,0.13320840600425188,0.024677102597830555,0.8421144913979176
7979,0.7534282940624291,0.014749408680221121,0.23182229725734996
7980,0.9137771587305843,0.0030586028768375467,0.08316423839257803
7981,0.6431690816811909,0.1147995680357668,0.24203135028304226
7982,0.6498739368227601,0.04005658262484954,0.3100694805523904
7983,0.732390819048949,0.1287021295871676,0.1389070513638834
7984,0.3344905160495516,0.07712117637802302,0.5883883075724254
7985,0.7873636345169757,0.021300725862225867,0.19133563962079828
7986,0.16855830375168973,0.20668347203410828,0.624758224214202
7987,0.705492575352098,0.146362728632719,0.148144696015183
7988,0.6950592380970592,0.030342298238939833,0.2745984636640011
7989,0.8024021988819692,0.02518950643086072,0.17240829468716998
7990,0.33066061886686654,0.02946108153134985,0.6398782996017837
7991,0.14422758562809543,0.0679562063198619,0.7878162080520427
7992,0.8995071463899226,0.01599266144598121,0.08450019216409609
7993,0.5912749036761877,0.040652288307404465,0.36807280801640785
7994,0.906613307275699,0.018620280381945097,0.07476641234235602
7995,0.8971779400177784,0.024247276412431136,0.07857478356979053
7996,0.1570567405485231,0.04783338052535844,0.7951098789261184
7997,0.8427946069545639,0.02276935683819093,0.13443603620724512
7998,0.00027821213599143986,0.004174638403641881,0.9955471494603666
7999,0.0010273494231199814,0.0009162466386771482,0.9980564039382029
8000,0.7300334219499386,0.00913763510649427,0.2608289429435671
8001,0.9068624684658189,0.01630503787647025,0.07683249365771085
8002,0.5453718025943588,0.13027195060384655,0.3243562468017946
8003,0.7323294780481177,0.09334004310140569,0.17433047885047653
8004,0.4205623496679621,0.02390335974809058,0.5555342905839473
8005,0.5650875829433926,0.037854241742458154,0.39705817531414933
8006,0.8593403677370919,0.02078317232560858,0.11987645993729952
8007,0.877128640868153,0.007130244656789759,0.11574111447505718
8008,0.9587265039520404,0.00845245303690446,0.03282104301105525
8009,0.8454661120848023,0.012783882871398117,0.14175000504379975
8010,0.9003999437110124,0.0184062605885551,0.08119379570043254
8011,0.5313243824138992,0.02465514646160814,0.4440204711244926
8012,0.6684243025163872,0.014666562930739575,0.3169091345528731
8013,0.21436732340198558,0.02472883159286425,0.7609038450051502
8014,0.7675672134224817,0.0907789177001629,0.14165386887735545
8015,0.9625143262672818,0.005438790537461643,0.03204688319525656
8016,0.9256698750196997,0.013338947670019766,0.06099117731028062
8017,0.756620839041956,0.008311839243036004,0.23506732171500813
8018,0.6645920821244704,0.03556592046432332,0.2998419974112063
8019,0.8399352454050953,0.05092970152138041,0.10913505307352424
8020,0.37305470643138,0.036062291650911446,0.5908830019177086
8021,0.09315310212932792,0.0034120415439969436,0.9034348563266752
8022,0.23272110994763592,0.02926438617909367,0.7380145038732705
8023,0.8717546856894516,0.026021465599012254,0.10222384871153618
8024,0.9218990605308264,0.0031119532488326847,0.0749889862203409
8025,0.3198911115019002,0.06178307936995333,0.6183258091281465
8026,0.8141943683176255,0.01637253879476224,0.16943309288761227
8027,0.9494309857971001,0.012952354798530234,0.03761665940436965
8028,0.3730293463198736,0.0318238227392759,0.5951468309408505
8029,0.29216164983937454,0.08949308688084957,0.6183452632797759
8030,0.8732538005692166,0.002587161952653785,0.12415903747812963
8031,0.748878383763513,0.04959413181640298,0.20152748442008406
8032,0.9462096881738853,0.00487336144425966,0.048916950381855194
8033,0.16022796615509416,0.09253048861662175,0.7472415452282841
8034,0.6872999710573265,0.0138506517873306,0.29884937715534277
8035,0.8989141191321156,0.00450731675783393,0.09657856411005053
8036,0.9240266412246678,0.030038978882719995,0.04593437989261207
8037,0.15106193516666033,0.03879610606190321,0.8101419587714365
8038,0.8510475386121313,0.023245543085945904,0.12570691830192263
8039,0.22402995001940074,0.03253819227875371,0.7434318577018455
8040,0.5671203245229584,0.13243733590817883,0.30044233956886285
8041,0.1449787673882854,0.03076238864257122,0.8242588439691434
8042,0.046725962014216665,0.049480209424681086,0.9037938285611024
8043,0.8453747805420518,0.028325461825265342,0.12629975763268292
8044,0.030406102194911678,0.04094377737031455,0.9286501204347737
8045,0.33758968255958277,0.07949826299137168,0.5829120544490456
8046,0.8551192581539446,0.005214716164708398,0.13966602568134684
8047,0.875002882217053,0.018630378430188676,0.10636673935275825
8048,0.8700361633438117,0.011974452313649405,0.11798938434253876
8049,0.7745332178629106,0.11066740413162468,0.11479937800546465
8050,0.303012531847968,0.021066478804820012,0.675920989347212
8051,0.4373421805803554,0.04794574563759978,0.5147120737820449
8052,0.9193301603093974,0.03135290084684996,0.04931693884375273
8053,0.12073068726702667,0.0254626409751815,0.8538066717577918
8054,0.8941890896938912,0.01338921534437735,0.09242169496173143
8055,0.416698970578521,0.047939345914506576,0.5353616835069724
8056,0.8758483380890861,0.021727934564114825,0.10242372734679903
8057,0.9068222646211676,0.00935062227752145,0.0838271131013109
8058,0.7478044902710808,0.01062041990766381,0.24157508982125553
8059,0.785366654313717,0.034484277366069196,0.1801490683202138
8060,0.09914888943682304,0.09156284782752956,0.8092882627356474
8061,0.4125614708217465,0.05390104085230773,0.5335374883259458
8062,0.43659197302005875,0.021616405846754855,0.5417916211331865
8063,0.9361020147523333,0.01365670956950799,0.05024127567815875
8064,0.12756905975058436,0.03874651509670807,0.8336844251527076
8065,0.8576337325130152,0.01790832345956295,0.12445794402742166
8066,0.9678738558806487,0.008843125050016139,0.02328301906933533
8067,0.21932101352923314,0.03336764382281502,0.7473113426479517
8068,0.7565903917823273,0.0406747642919915,0.2027348439256812
8069,0.8339303570085868,0.02023639381962897,0.14583324917178425
8070,0.9369486082516996,0.005626370317398084,0.05742502143090232
8071,0.9526895283256982,0.008756975663895165,0.03855349601040671
8072,0.9408502861810625,0.012441818850090009,0.04670789496884762
8073,0.8903853199867187,0.014450406746670055,0.09516427326661107
8074,0.5639822670374955,0.023611200097245155,0.4124065328652593
8075,0.7372802491786539,0.030283478872385,0.2324362719489611
8076,0.8970755472907612,0.017179462895059356,0.08574498981417945
8077,0.24202147216736533,0.03358000592550388,0.7243985219071308
8078,0.13878686199302764,0.06146295853517542,0.7997501794717968
8079,0.8887788137399575,0.013686440631815368,0.09753474562822732
8080,0.8560871695350818,0.02825389062481531,0.11565893984010285
8081,0.9025046154494157,0.014115131468850947,0.08338025308173339
8082,0.5520087086363515,0.02274939226388432,0.4252418990997641
8083,0.3981876901799145,0.16889887270142798,0.43291343711865743
8084,0.2724552071108539,0.024168269172750778,0.7033765237163953
8085,0.9199607663962389,0.02468421262388207,0.055355020979878926
8086,0.0001298735511257743,0.000925425456804501,0.9989447009920697
8087,0.8824394117358478,0.016955269401667195,0.10060531886248499
8088,0.550607044131299,0.03145972574889027,0.4179332301198107
8089,0.9016508776650872,0.004535586270745938,0.09381353606416676
8090,0.037526521451125706,0.028183241058743327,0.934290237490131
8091,0.9528214664100144,0.00882381967411807,0.038354713915867526
8092,0.019812561185216234,0.007942204276531698,0.972245234538252
8093,0.8189688792731454,0.029039799952173605,0.151991320774681
8094,0.3321717219297517,0.13606591312166516,0.5317623649485831
8095,0.5572567268743703,0.11191570607964876,0.33082756704598104
8096,0.8059459316108375,0.008565181817307572,0.18548888657185492
8097,0.3160056130310844,0.009620694025485835,0.6743736929434297
8098,0.841175027388738,0.021710546704431375,0.1371144259068308
8099,0.5643685527857363,0.023601657138463003,0.4120297900758008
8100,0.011101949464179242,0.003485093688692067,0.9854129568471286
8101,0.7054430308595905,0.056576187994438115,0.2379807811459714
8102,0.8723912427041948,0.017852165736782912,0.10975659155902243
8103,0.7201461673940622,0.031228139407901354,0.2486256931980363
8104,0.656825047100303,0.05009727273804579,0.29307768016165126
8105,0.005698625356988159,0.0024956256242646426,0.9918057490187473
8106,0.9494349467817196,0.00899315802055666,0.041571895197723766
8107,0.09912883058621164,0.03629997925474359,0.8645711901590447
8108,0.8620178368456324,0.03306612636087714,0.1049160367934904
8109,0.9379912506609386,0.004674963634352499,0.057333785704709136
8110,0.8510542370935176,0.05907148654238987,0.08987427636409259
8111,0.5525613806701356,0.06663296177076868,0.38080565755909573
8112,0.5418639634090848,0.034086580925980124,0.4240494556649349
8113,0.0889916472138585,0.043240328472213464,0.8677680243139281
8114,0.09244428653367225,0.22854867423413866,0.6790070392321892
8115,0.8998595278024819,0.020519222542399913,0.07962124965511821
8116,0.7115594424764422,0.08061476198833428,0.20782579553522357
8117,0.1424492277312155,0.022928531243541262,0.8346222410252433
8118,0.44681455880396836,0.05147450880670549,0.5017109323893261
8119,0.8819215748247135,0.00791414038871459,0.11016428478657209
8120,0.8388584060301177,0.03538267846199176,0.12575891550789048
8121,0.37708835834997523,0.028067742921507068,0.5948438987285177
8122,0.9776717717908657,0.0040040596641341825,0.01832416854500014
8123,0.9542399505332141,0.009994587728699886,0.035765461738086014
8124,0.6048273536039926,0.07304043433600485,0.3221322120600025
8125,0.782651699214564,0.028836630965036386,0.18851166982039963
8126,0.7691046199299744,0.015223808154214705,0.21567157191581093
8127,0.4023203930458029,0.046371746411674505,0.5513078605425227
8128,0.4387407878016606,0.020150227450142045,0.5411089847481974
8129,0.892549919410507,0.05338584598189909,0.05406423460759396
8130,0.3728765363958403,0.03259289400452775,0.594530569599632
8131,0.12345150392368806,0.031470122013866335,0.8450783740624456
8132,0.6918934561362678,0.016970011077828074,0.29113653278590396
8133,0.7308101530432568,0.11768630758316813,0.15150353937357505
8134,0.8014078971060079,0.019404595920809953,0.17918750697318217
8135,0.05036293002369342,0.02616269216712069,0.9234743778091858
8136,0.015954898735752954,0.04094305768821279,0.9431020435760342
8137,0.876831658239954,0.005939516263490569,0.11722882549655551
8138,0.09836873360859912,0.03134214498135454,0.8702891214100463
8139,0.25903859786070654,0.03927744004405983,0.7016839620952336
8140,0.7919669378185941,0.04120165498008602,0.1668314072013198
8141,0.9069257187756053,0.011152427309845666,0.0819218539145489
8142,0.8767108700833474,0.0650029405195542,0.05828618939709837
8143,0.9146211989399137,0.020232278889331698,0.0651465221707545
8144,0.3110784388753675,0.09382321319269632,0.5950983479319362
8145,0.8530926710723677,0.014014141240881243,0.132893187686751
8146,0.9733558188187166,0.003192827727734964,0.023451353453548266
8147,0.5666312321748526,0.013304885034088729,0.4200638827910587
8148,0.8800137330965819,0.019308938568210428,0.10067732833520747
8149,0.8322883610923824,0.0456100275645171,0.12210161134310048
8150,0.8382180131763111,0.025460116215346853,0.1363218706083422
8151,0.653134922567419,0.017835134375807565,0.3290299430567734
8152,0.9775857574651956,0.004367850322257687,0.01804639221254678
8153,0.9551923836137901,0.006936840378967248,0.037870776007242625
8154,0.8267855338251281,0.041568744621114734,0.13164572155375728
8155,0.2392368796461958,0.03492627260793347,0.7258368477458708
8156,0.95140817384343,0.013989144577437777,0.03460268157913225
8157,0.5872926130701702,0.03272550986259698,0.37998187706723296
8158,0.8975448595796184,0.040969294473751236,0.06148584594663047
8159,0.6803014527540975,0.031109347105101885,0.28858920014080064
8160,0.6144027720857925,0.024104829760273932,0.3614923981539334
8161,0.7383513837936739,0.044228317477066355,0.21742029872925975
8162,0.6273906366733488,0.06680998357553587,0.3057993797511153
8163,0.6512936205520806,0.0300757403613242,0.3186306390865951
8164,0.8753265221059825,0.029129558963868766,0.09554391893014881
8165,0.1537757039498967,0.05943746859804939,0.786786827452054
8166,0.8864640120651619,0.004724566192984204,0.10881142174185376
8167,0.20547968819144957,0.010772357921606053,0.7837479538869443
8168,0.7532445843064004,0.013949096994238928,0.2328063186993606
8169,0.9021863375440252,0.012966167683312393,0.08484749477266235
8170,0.6104962313514171,0.10869473005190984,0.28080903859667317
8171,0.03227535842008629,0.0016834758908606919,0.966041165689053
8172,0.3212847187951308,0.05789749739589469,0.6208177838089745
8173,0.7751603129886411,0.025275347396304753,0.19956433961505418
8174,0.974676480416074,0.001983769447659465,0.023339750136266366
8175,0.8213669698391245,0.023909326158829437,0.15472370400204613
8176,0.7284611674616555,0.03689390174504388,0.23464493079330068
8177,0.39649194203071025,0.19460823464240046,0.4088998233268894
8178,0.4306592303320023,0.06343362515944652,0.5059071445085511
8179,0.6179297106048918,0.017378980758100706,0.3646913086370074
8180,0.7656481469616865,0.10309849422472066,0.13125335881359287
8181,0.3997069211292219,0.026761124614259175,0.5735319542565189
8182,0.8964551202196315,0.02331353046161251,0.08023134931875586
8183,0.4498650819690913,0.0253611866911255,0.5247737313397832
8184,0.7189538788811457,0.035069896570610604,0.24597622454824375
8185,0.9563955887471814,0.019261929863573647,0.02434248138924503
8186,0.6669940553012773,0.06921218379090721,0.26379376090781553
8187,0.40613984196975583,0.19534993990684638,0.39851021812339765
8188,0.9100785393249954,0.0102416033632055,0.0796798573117991
8189,0.22117303364349922,0.031468274067652464,0.7473586922888484
8190,0.5750567380355993,0.19020884618125664,0.234734415783144
8191,0.922780705449395,0.005046192865442038,0.07217310168516305
8192,0.8162025861135148,0.01853477069130946,0.16526264319517556
8193,0.8370083344502852,0.006871475472125357,0.1561201900775894
8194,0.9509556743114769,0.020752560325227157,0.02829176536329589
8195,0.8629935652082479,0.010101776040266257,0.1269046587514859
8196,0.8179783468933239,0.021981149605842278,0.16004050350083382
8197,0.5364899016480765,0.010976353226930644,0.4525337451249928
8198,0.43569568854343776,0.028659240213634207,0.535645071242928
8199,0.7827868008093504,0.048352234743262716,0.1688609644473869
8200,0.9219714184599043,0.015703786914163288,0.06232479462593243
8201,0.20130882683063817,0.019120544238581828,0.77957062893078
8202,0.2562541349096918,0.027539614087617424,0.7162062510026908
8203,0.9043238819630277,0.008224987595462861,0.0874511304415093
8204,0.7088776451975587,0.07807771961809655,0.2130446351843447
8205,0.9023065019404105,0.005095960211339058,0.09259753784825023
8206,0.4354253926466948,0.026741602855126223,0.537833004498179
8207,0.8213013522113228,0.015067809238112705,0.1636308385505646
8208,0.17886472215113755,0.06027880994324536,0.760856467905617
8209,0.7751182734006724,0.02624288744653846,0.19863883915278915
8210,0.8903577898495212,0.01345802585776046,0.09618418429271836
8211,0.39251365000117544,0.04275401770845807,0.5647323322903665
8212,0.9565573104986298,0.004797447659193785,0.03864524184217637
8213,0.9358298368239353,0.013320389210661377,0.050849773965403244
8214,0.11027707118934194,0.033251689840687125,0.8564712389699709
8215,0.830924874989529,0.06452459968570542,0.10455052532476554
8216,0.856529941515524,0.015512678706407329,0.1279573797780686
8217,0.7652131539749628,0.0929188421973327,0.1418680038277045
8218,0.241027599504716,0.04582764825538014,0.7131447522399038
8219,0.7183883291581107,0.10068024986615776,0.18093142097573156
8220,0.9183131873603976,0.005600683771526053,0.07608612886807634
8221,0.12807984506174705,0.11572219482816597,0.756197960110087
8222,0.6172055015125469,0.061932043139280774,0.32086245534817226
8223,0.8559161362958786,0.0433756038896721,0.10070825981444945
8224,0.49752897214103436,0.07534678669635064,0.42712424116261505
8225,0.007688367527112777,0.014651870885219935,0.9776597615876672
8226,0.0023333281322538155,0.0046528918771939045,0.9930137799905523
8227,0.7925508475594911,0.039227772818238534,0.16822137962227018
8228,0.848925518558571,0.016313701533363534,0.13476077990806543
8229,0.02311066175032625,0.002972678627959599,0.973916659621714
8230,0.7947423684248983,0.09683456477350351,0.10842306680159834
8231,0.7901109714992272,0.07625453659013032,0.13363449191064264
8232,0.22076577748621615,0.031012656914115016,0.7482215655996688
8233,0.3030659668177107,0.02977463911678226,0.6671593940655071
8234,0.9203763022417976,0.012713009724876148,0.0669106880333263
8235,0.5531520772520111,0.036167213626308335,0.41068070912168064
8236,0.4882065142908288,0.02181219011606634,0.4899812955931048
8237,0.7053273813653196,0.0382487934789786,0.25642382515570167
8238,0.6757565961072005,0.008409574043365597,0.3158338298494339
8239,0.23850531438920664,0.06853655638492065,0.6929581292258726
8240,0.7733317208791708,0.03398112240822669,0.19268715671260242
8241,0.0016910617510511518,0.0010195355815886173,0.9972894026673602
8242,0.8751881106789183,0.025839073231768546,0.09897281608931315
8243,0.8500474656385089,0.02720571587402514,0.12274681848746598
8244,0.9743206402029548,0.0008950245757971316,0.024784335221248094
8245,0.8280285935758988,0.053365508854270605,0.11860589756983062
8246,0.357729381458801,0.03423331370122635,0.6080373048399728
8247,0.9785893849434821,0.008547824961835405,0.012862790094682587
8248,0.9257302258731999,0.017308037300028997,0.05696173682677129
8249,0.8865849499518255,0.021862513978936737,0.09155253606923772
8250,0.9421770242026489,0.028877809920732866,0.02894516587661812
8251,0.5729331637045563,0.01987181292312475,0.40719502337231905
8252,0.7057440623564609,0.03056749163956977,0.26368844600396935
8253,0.9009200285023504,0.023066625412705752,0.07601334608494373
8254,0.7237484581834861,0.020076913456260344,0.25617462836025345
8255,0.5359803615418868,0.16224518263141893,0.3017744558266943
8256,0.7168828474606744,0.07183996877307289,0.21127718376625276
8257,0.7995792010765834,0.08517324665707983,0.11524755226633669
8258,0.0002517835812082993,0.0005271180789702877,0.9992210983398214
8259,0.05221001993123766,0.0632603116815893,0.884529668387173
8260,0.9048240253882441,0.010154021392608492,0.08502195321914731
8261,0.9451365886109543,0.009169840679644442,0.045693570709401284
8262,0.7491282855708058,0.013073057899730902,0.2377986565294633
8263,0.8962862062057512,0.03939977132824659,0.06431402246600217
8264,0.6841590702893904,0.010065947180217917,0.3057749825303916
8265,0.7269881757452454,0.03963965068089849,0.23337217357385617
8266,0.0030729747321912295,0.002661766920839264,0.9942652583469695
8267,0.8281412801382593,0.021598891711704198,0.15025982815003638
8268,0.8645491174440699,0.011453020534398981,0.123997862021531
8269,0.8740014044475669,0.043045420137445126,0.08295317541498791
8270,0.696910695351925,0.03422648399479772,0.26886282065327716
8271,0.86240545202795,0.034245864198503326,0.10334868377354647
8272,0.9297827102605729,0.004144800737438594,0.0660724890019884
8273,0.7004354350672488,0.04509029070472953,0.25447427422802155
8274,0.834235111958693,0.020172856075576544,0.14559203196573048
8275,0.502005586460564,0.16537607351603878,0.3326183400233972
8276,0.7620407246208771,0.025736096784701235,0.21222317859442166
8277,0.8267946547219299,0.025078782642506736,0.14812656263556334
8278,0.8070914463663397,0.017912753839467364,0.174995799794193
8279,0.943382838610852,0.006283608056151153,0.05033355333299668
8280,0.0928864626200851,0.019461080608385688,0.8876524567715293
8281,0.959290924272584,0.006652069961806972,0.03405700576560893
8282,0.8979481481221246,0.04274580338248569,0.05930604849538955
8283,0.9028975015544215,0.01322701103083263,0.08387548741474579
8284,0.8180031905992797,0.03347232785554892,0.14852448154517137
8285,0.3132211657953641,0.17639698754706276,0.5103818466575731
8286,0.9550195137157105,0.009155827014126814,0.03582465927016281
8287,0.5416810879572392,0.00868932148666182,0.4496295905560989
8288,0.9272456395409245,0.010129134223098383,0.06262522623597719
8289,0.4088945334189372,0.04376788254204368,0.5473375840390192
8290,0.11674494579295898,0.002596976331230502,0.8806580778758105
8291,0.6225628754954361,0.016372567184012584,0.36106455732055115
8292,0.8149692237666721,0.02984431145688405,0.15518646477644377
8293,0.9518806758255483,0.004491870913059946,0.04362745326139176
8294,0.9346590309421658,0.010783761494322551,0.05455720756351159
8295,0.955271815174875,0.014911361491142602,0.029816823333982452
8296,0.20872314484321466,0.09161366663221909,0.6996631885245662
8297,0.8656617547899965,0.013580621117923743,0.12075762409207973
8298,0.9147100615344287,0.02290576289681323,0.06238417556875801
8299,0.8634212028588532,0.024913520813028334,0.11166527632811861
8300,0.8096711234061414,0.02026519133822246,0.17006368525563617
8301,0.4445950898602488,0.016731553179374106,0.538673356960377
8302,0.08101540193725391,0.10568804668968912,0.8132965513730569
8303,0.9028593432207145,0.011074449991442643,0.08606620678784295
8304,0.3039235675839729,0.048972876183748015,0.647103556232279
8305,0.9435105263496816,0.026426693294801372,0.030062780355517012
8306,0.802788566736486,0.01653899223458296,0.1806724410289311
8307,0.002672442052453004,0.01639858668311876,0.9809289712644284
8308,0.7994347008834326,0.0067153868037803975,0.19384991231278703
8309,0.27508652214787416,0.03892825513735104,0.6859852227147748
8310,0.8021373856111218,0.02502715719091117,0.1728354571979669
8311,0.8903833798841412,0.010831498536536423,0.09878512157932225
8312,0.8866652287936266,0.013986644334302082,0.09934812687207138
8313,0.7880539010746357,0.0366525990022415,0.1752934999231228
8314,0.8713479056038103,0.014651131499636143,0.11400096289655376
8315,0.8031791296803638,0.0410392579024126,0.15578161241722374
8316,0.8236417534615664,0.030672397851116383,0.14568584868731727
8317,0.6739403244514981,0.05581421535655893,0.27024546019194307
8318,0.6970790184104637,0.02307028132763194,0.27985070026190445
8319,0.026289441258372997,0.015875256744967686,0.9578353019966593
8320,0.9417177427501836,0.010039463161368344,0.04824279408844797
8321,0.6280990970151377,0.04057935877425352,0.3313215442106088
8322,0.6249772944254496,0.036257794121781685,0.33876491145276866
8323,0.0018466923035689133,0.0028115577878854653,0.9953417499085456
8324,0.2375115222494193,0.03538098432277704,0.7271074934278038
8325,0.9302341167194544,0.023469316547798238,0.04629656673274743
8326,0.8334387946368744,0.02524808638945177,0.1413131189736738
8327,0.7880314675619529,0.04908820316176669,0.16288032927628046
8328,0.0022001783552289987,0.007486134775497175,0.9903136868692739
8329,0.8485733307690433,0.024171897690593053,0.12725477154036363
8330,0.4113543412412593,0.04198655314595635,0.5466591056127843
8331,0.9473803711957426,0.011903851242990812,0.040715777561266465
8332,0.5496228406380015,0.07317517058325963,0.3772019887787388
8333,0.7390343641592129,0.007951159232785561,0.25301447660800164
8334,0.8399308519720136,0.011663773267977443,0.14840537476000884
8335,0.8954201068320273,0.007848340445297045,0.09673155272267554
8336,0.39997520238790835,0.02213764218946068,0.577887155422631
8337,0.6536562382219616,0.012236501974594539,0.33410725980344375
8338,0.8910204462526993,0.019947137112189935,0.0890324166351108
8339,0.3282066740158384,0.09592092027995612,0.5758724057042054
8340,0.926540388691711,0.008446174528046085,0.06501343678024293
8341,0.878807871135981,0.021693573239201097,0.09949855562481802
8342,0.8802252030235437,0.038797123601783584,0.08097767337467267
8343,0.8345787575536134,0.018556507966696886,0.1468647344796896
8344,0.04880334707640232,0.06470157470055254,0.8864950782230451
8345,0.884003822335582,0.01093071699993814,0.1050654606644799
8346,0.034588815111870855,0.006213425580377758,0.9591977593077513
8347,0.35456903506815146,0.05458705636387367,0.5908439085679749
8348,0.2674808040136925,0.028940218427879878,0.7035789775584276
8349,0.9556732798069698,0.010426222449752179,0.0339004977432779
8350,0.8912896110583376,0.01336810313969991,0.09534228580196243
8351,0.8442330547144493,0.006299291728327648,0.1494676535572231
8352,0.8860426844659678,0.013886975284044846,0.10007034024998727
8353,0.03093395194315454,0.014329628201642294,0.9547364198552032
8354,0.03959701021524638,0.05396802604588589,0.9064349637388678
8355,0.9747590692067936,0.0055869704827092755,0.019653960310497126
8356,0.8152791548670302,0.016535648702543787,0.16818519643042612
8357,0.10342490439050787,0.030478113608111014,0.8660969820013812
8358,0.3728833489051054,0.06400188641284578,0.5631147646820488
8359,0.9374142159350514,0.012445105397585391,0.05014067866736335
8360,0.9192391278340312,0.008184469411221867,0.07257640275474696
8361,0.6467361364948783,0.025226693664421405,0.3280371698407003
8362,0.8521805936389352,0.018186447958669562,0.12963295840239533
8363,0.6635700442182841,0.03408630222158228,0.30234365356013354
8364,0.8518940694605066,0.02702413130560425,0.12108179923388918
8365,0.8825353667458742,0.014781074883631716,0.10268355837049402
8366,0.25167415948624494,0.019843875891059397,0.7284819646226957
8367,0.8771014377092408,0.0015375217880724168,0.121361040502687
8368,0.8185847440141284,0.017480056935866475,0.16393519905000525
8369,0.32117363573982183,0.024648019316875276,0.654178344943303
8370,0.8563658663716127,0.03502353926590827,0.10861059436247898
8371,0.7931531831453859,0.017720112569159688,0.18912670428545456
8372,0.01172481834118357,0.010027135120788691,0.9782480465380277
8373,0.11377742723214743,0.02057904725806459,0.865643525509788
8374,0.28436715251583994,0.02867904250750789,0.6869538049766521
8375,0.9344135871907884,0.010809461104383715,0.05477695170482791
8376,0.2114788123026126,0.03780444010725521,0.7507167475901322
8377,0.8576834453040332,0.023436364582739434,0.11888019011322726
8378,0.8405857794913546,0.027445481422225894,0.1319687390864195
8379,0.9577234251683264,0.016429856299503526,0.025846718532169966
8380,0.8319701979644708,0.015877764942686796,0.15215203709284233
8381,0.8518855037966108,0.0447986919792248,0.10331580422416448
8382,0.8402304542539824,0.015122103245298344,0.1446474425007194
8383,0.7852117480227474,0.019152613383163472,0.19563563859408914
8384,0.9230349980200235,0.008841843187906219,0.0681231587920702
8385,0.13122574567383938,0.04479896655203833,0.8239752877741223
8386,0.59532849029114,0.04398593455805462,0.3606855751508054
8387,0.8960357371373262,0.013699590178759071,0.0902646726839147
8388,0.6648849747981339,0.02365481225526332,0.3114602129466028
8389,0.4699671175289441,0.15033696052128964,0.3796959219497664
8390,0.13694909531150937,0.053527429523949316,0.8095234751645414
8391,0.6037272667517928,0.04524369526534182,0.3510290379828654
8392,0.8098880859228131,0.02535433408751562,0.16475757998967108
8393,0.9518351946324055,0.012983709880398394,0.03518109548719611
8394,0.13146643726566148,0.2865744454826704,0.581959117251668
8395,0.6226929895914762,0.02744019572007232,0.3498668146884515
8396,0.8023053538208724,0.029200618282412973,0.16849402789671455
8397,0.8344427117050659,0.011213654403661512,0.15434363389127254
8398,0.8824996050056656,0.020755774589495457,0.09674462040483908
8399,0.7861259715143208,0.09689602063006963,0.11697800785560948
8400,0.0048980985207227375,0.006784203041876262,0.9883176984374011
8401,0.2977428120869036,0.06181064286635482,0.6404465450467415
8402,0.4714881701754105,0.0720351614018468,0.45647666842274287
8403,0.24392599745492377,0.12467266009382173,0.6314013424512546
8404,0.8093875412694956,0.021035360966958235,0.1695770977635462
8405,0.015036721109322429,0.007510561847941307,0.9774527170427362
8406,0.806952482762733,0.011795047063449271,0.18125247017381768
8407,0.9371979369310806,0.009483708963849228,0.05331835410507023
8408,0.7979988372231858,0.024249999061244747,0.1777511637155695
8409,0.009162295223526842,0.004389640062333479,0.9864480647141396
8410,0.40966684127258884,0.09371857124929209,0.49661458747811915
8411,0.8348822724908433,0.02650282144092507,0.13861490606823162
8412,0.048903564055334775,0.005837444454912134,0.945258991489753
8413,0.03502622516614254,0.013373569345205769,0.9516002054886517
8414,0.9329023639598254,0.01137575855718654,0.05572187748298795
8415,0.8921243411154126,0.022275420262300262,0.08560023862228713
8416,0.8967852975216413,0.012867518473528166,0.09034718400483058
8417,0.82017280331724,0.007688252405364155,0.17213894427739596
8418,0.8358676325090784,0.046760961817066196,0.11737140567385546
8419,0.41567486542392873,0.03434559053401822,0.5499795440420531
8420,0.689689872704674,0.01936682848238445,0.2909432988129416
8421,0.09480820948364788,0.03782523782757983,0.8673665526887724
8422,0.938468807898928,0.012546788847120514,0.048984403253951564
8423,0.6671112090870985,0.06842673574471314,0.2644620551681883
8424,0.4675046385899956,0.04616100300199584,0.4863343584080085
8425,0.23924038045337814,0.14891436452701587,0.611845255019606
8426,0.2523894848269471,0.11866885415878786,0.6289416610142651
8427,0.4014399191071982,0.07320603239568424,0.5253540484971175
8428,0.9144538466592985,0.006971501941773706,0.07857465139892778
8429,0.9216048053684305,0.010733076673259423,0.06766211795831012
8430,0.8767292177099854,0.05014214601720318,0.07312863627281146
8431,0.003911004615194388,0.011374844239413748,0.9847141511453918
8432,0.6290199665489639,0.057775476784411584,0.31320455666662445
8433,0.6618196045724808,0.09899618927074047,0.23918420615677866
8434,0.05660165441262155,0.01804002112947724,0.9253583244579012
8435,0.852241340617628,0.003911858940261547,0.14384680044211048
8436,0.6411429488351335,0.033973728665228214,0.32488332249963836
8437,0.30924387867086744,0.0396986732635624,0.6510574480655703
8438,0.8779405836637533,0.029550818415532143,0.09250859792071478
8439,0.7038933139032052,0.0142026709646465,0.28190401513214836
8440,0.7069807613664676,0.09433456846105345,0.1986846701724789
8441,0.27574959244071084,0.016460707287957833,0.7077897002713313
8442,0.9316886346296949,0.009749579403053984,0.058561785967251194
8443,0.894266112009795,0.0053683368480586845,0.10036555114214624
8444,0.8623263606183497,0.026782802130509795,0.11089083725114054
8445,0.8560744801248151,0.04799224446678278,0.09593327540840209
8446,0.7204967965679181,0.024289052181504744,0.2552141512505772
8447,0.09007189716772983,0.03731566390884228,0.872612438923428
8448,0.7938341477704326,0.011239883364981091,0.19492596886458635
8449,0.6651601866457013,0.08505207882605129,0.2497877345282473
8450,0.5446952115898881,0.06498102347136227,0.39032376493874965
8451,0.7930344185062809,0.026957448169268153,0.18000813332445087
8452,0.9342098367196071,0.011291848705509873,0.05449831457488286
8453,0.6864320532817132,0.031214137987962624,0.2823538087303243
8454,0.5969171484286095,0.029870093567909206,0.3732127580034812
8455,0.5229736387561487,0.004689501647509972,0.47233685959634136
8456,0.7343287762265508,0.02454346809949164,0.24112775567395756
8457,0.8651968179589928,0.014554597207184583,0.1202485848338227
8458,0.7632379438794628,0.08150810639990623,0.15525394972063108
8459,0.8781654294111022,0.02387710681250135,0.0979574637763965
8460,0.8999307374240625,0.016041025268971644,0.08402823730696593
8461,0.3757810272249988,0.05929253615396079,0.5649264366210405
8462,0.8825670851524956,0.0319543455163475,0.08547856933115687
8463,0.5421256483383645,0.016864150858367677,0.4410102008032679
8464,0.837186828175012,0.09141733215967637,0.07139583966531163
8465,0.487466214881116,0.020552086769269937,0.491981698349614
8466,0.7308846062023087,0.059647328724692084,0.2094680650729993
8467,0.9179930737386613,0.008081317274095475,0.07392560898724312
8468,0.09880757534246593,0.01216882537045475,0.8890235992870794
8469,0.42274147915508314,0.10810365407511152,0.4691548667698052
8470,0.525846848390424,0.04335327608685104,0.430799875522725
8471,0.9495465192663943,0.00691656350667175,0.043536917226933994
8472,0.6944949711875485,0.06898550884571919,0.2365195199667324
8473,0.888247079860736,0.05636097206934847,0.055391948069915556
8474,0.641157592419954,0.035349724777493374,0.3234926828025526
8475,0.39757469595352085,0.09987063945662555,0.5025546645898537
8476,0.9500995416490559,0.009863965230474588,0.04003649312046964
8477,0.7850155360652447,0.08215544525154529,0.13282901868321006
8478,0.8958760884380017,0.03377051421719461,0.0703533973448035
8479,0.9162372017465729,0.009334183445298,0.07442861480812896
8480,0.9066228323952995,0.015467560083157621,0.07790960752154288
8481,0.9037070284291199,0.029127245620397278,0.0671657259504828
8482,0.7937694726416294,0.009660149967031248,0.19657037739133923
8483,0.48591108022274176,0.02577339297839066,0.4883155267988674
8484,0.783664285940511,0.0329957488891936,0.18333996517029538
8485,0.887343691764334,0.02409910598924573,0.08855720224642016
8486,0.1982757040057974,0.025533626273735822,0.7761906697204668
8487,0.5160160605332761,0.040249630237385155,0.44373430922933865
8488,0.8759806997928208,0.021951575360574592,0.10206772484660458
8489,0.9207832193323117,0.017334640690703805,0.06188213997698446
8490,0.23363005018428915,0.027706417494883298,0.7386635323208276
8491,0.4642920522614958,0.03758348806953444,0.4981244596689699
8492,0.8000636599856232,0.033829511461238346,0.16610682855313844
8493,0.9466183190746215,0.0067165538794765195,0.046665127045901936
8494,0.7470460988227479,0.037536551209974824,0.21541734996727727
8495,0.5628415517817568,0.09971298553242526,0.337445462685818
8496,0.859343477689829,0.06441312711300863,0.07624339519716235
8497,0.8990508500484194,0.014638043707255329,0.08631110624432535
8498,0.12300908135041308,0.02870485873464132,0.8482860599149457
8499,0.8098898059607909,0.01525701510574712,0.1748531789334621
8500,0.7486419071974049,0.0418678238278689,0.20949026897472608
8501,0.7777528384927356,0.01902858062350351,0.2032185808837609
8502,0.01153700386114782,0.019536342157179965,0.9689266539816723
8503,0.678582241521103,0.0836990019383927,0.2377187565405042
8504,0.27529084467354675,0.023921134201275465,0.7007880211251778
8505,0.9660361245762241,0.00419079733037599,0.029773078093399925
8506,0.8902772297560567,0.015325195795063994,0.0943975744488792
8507,0.6236180126876766,0.016465786752732546,0.35991620055959095
8508,0.784561396534879,0.018696751689125327,0.1967418517759958
8509,0.9332644289842629,0.010838590066211988,0.055896980949525284
8510,0.7098690555783996,0.03289325611904672,0.2572376883025537
8511,0.819424533190111,0.025713495911133283,0.15486197089875575
8512,0.16960703905418753,0.035170776526880804,0.7952221844189318
8513,0.4851306156779976,0.062462010093797975,0.45240737422820443
8514,0.06142421191361791,0.01693089238982384,0.9216448956965584
8515,0.7822129940641329,0.008200050024199393,0.20958695591166765
8516,0.35919118987162496,0.016427756908803423,0.6243810532195715
8517,0.7024881011011039,0.021646487056774428,0.2758654118421217
8518,0.5902025307001136,0.13548480467317756,0.27431266462670884
8519,0.2625600522548186,0.07568631850751664,0.6617536292376647
8520,0.8344893947330718,0.06303242432314979,0.10247818094377839
8521,0.9161669772116764,0.009311572978427964,0.07452144980989568
8522,0.8339698839347374,0.028343575053484046,0.13768654101177863
8523,0.021696393730911236,0.008282326054536068,0.9700212802145528
8524,0.8671809413067709,0.06202970868257471,0.07078935001065423
8525,0.3428167247240872,0.027185556562517522,0.6299977187133952
8526,0.8945214890807989,0.006674005884389858,0.09880450503481121
